3200,2.5
17,0.5
1,0.25
17,.25
1600,.5
1400,1.5
1400,1.5
1600,1.5
1,1.0
16
1600
1600
0
101
1600
1600
1600
0
0
17
17
17
0
0
1
0
1
0
0
0
17
17
17
0
0
0
0
0
 0
 5760
 936
 936
 0
 0
 0
 0
 0
 0
 33
 0
 12
 12
 0
 12
 12
 90
 90
 0
 486
 486
 0
 567
 0
 33
 0
 0
 120
 0
 0
 0
 0
 0
 0
 0
 0
 0
 0
 0
 0
 0
 0
 0
 0
 0
 0
 0
 0
 0
 0
 0
 0
 0
 0
 0
 0
 0
 0
 0
 0
 0
 0
 0
 0
 0
 0
 0
 0
 0
 0
 0
 0
 0
 0
 0
 0
 0
 0
 0
 0
 0
 0
 0
 0
 0
 0
 0
 0
 0
 0
 0
 0
 0
 0
 0
 0
 0
 0
 0
 0
 0
 0
 0
 0
 0
 0
 0
 0
 0
 0
 0
 0
 0
 0
 0
 0
 0
 0
 0
 0
 0
 0
 0
 0
 0
 0
 0
 0
 3672
 3672
 0
 0
 3672
 3672
 3672
 0
 0
 4056
 4056
 0
 0
 252
 252
 0
 3876
 0
 22848
 22848
 0
 0
 4
 0
 0
 0
 0
 0
 0
 0
 0
 0
 0
 0
 4
 0
 0
 0
 0
 0
 0
 0
 0
 0
 0
 0
 0
 33
 33
 0
 0
 0
 12
 12
 0
 99
 99
 0
 0
 4
 0
 4
 0
 48
 48
 0
 612
 0
 6336
 6336
 0
 0
 204
 0
 2304
 2304
 0
 0
 23232
 23232
 0
 0
 33
 33
 0
 8
 0
 5
 0
 5
 0
 3
 0
 3
 0
 15
 15
 0
 12
 144
 144
 0
 2244
 2244
 0
 0
 12
 132
 132
 0
 2040
 0
 0
 204
 0
 2112
 2112
 0
 0
